// Monsters Additional Database
//
// Structure of Database :
// ID,Sprite_Name,kROName,iROName,LV,HP,SP,EXP,JEXP,Range1,ATK1,ATK2,DEF,MDEF,STR,AGI,VIT,INT,DEX,LUK,Range2,Range3,Scale,Race,Element,Mode,Speed,aDelay,aMotion,dMotion,MEXP,MVP1id,MVP1per,MVP2id,MVP2per,MVP3id,MVP3per,Drop1id,Drop1per,Drop2id,Drop2per,Drop3id,Drop3per,Drop4id,Drop4per,Drop5id,Drop5per,Drop6id,Drop6per,Drop7id,Drop7per,Drop8id,Drop8per,Drop9id,Drop9per,DropCardid,DropCardper

// rAthena Dev Team
//1900,VALARIS,Valaris,Valaris,99,668000,0,107250,37895,2,3220,4040,35,45,1,152,96,85,120,95,10,10,2,6,67,0x1973,100,1068,768,576,13000,608,1000,750,400,923,3800,1466,200,2256,200,2607,800,714,500,617,3000,984,4300,985,5600,0,0,0,0,4147,1
//1901,VALARIS_WORSHIPPER,Valaris's Worshipper,Valaris's Worshipper,50,8578,0,2706,1480,1,487,590,15,25,1,75,55,1,93,45,10,12,0,6,27,0x1685,100,868,480,120,0,0,0,0,0,0,0,923,500,984,63,1464,2,607,50,610,100,503,300,2405,50,0,0,0,0,4129,1
//1902,MC_CAMERI,MC Cameri,MC Cameri,99,668000,0,107250,37895,2,3220,4040,35,45,1,152,96,85,120,95,10,10,2,6,67,0x1973,100,1068,768,576,13000,608,1000,750,400,923,3800,1466,200,2256,200,2607,800,714,500,617,3000,984,4300,985,5600,0,0,0,0,4147,1
//1903,POKI,Poki#3,Poki#3,99,1349000,0,4093000,1526000,9,4892,9113,22,35,1,180,39,67,193,130,10,12,1,7,64,0x1973,120,500,672,480,92100,603,5500,617,3000,1723,1000,1228,100,1236,500,617,2500,1234,75,1237,125,1722,250,1724,100,1720,50,0,0,0,0
//1904,SENTRY,Sentry,Sentry,99,668000,0,107250,37895,2,3220,4040,35,45,1,152,96,85,120,95,10,10,2,6,67,0x1973,100,1068,768,576,13000,608,1000,750,400,923,3800,1466,200,2256,200,2607,800,714,500,617,3000,984,4300,985,5600,0,0,0,0,4147,1

// Custom Hollow Poring (overrrides/collides with META_ANDRE)
//1237,HOLLOW_PORING,Hollow Poring,Hollow Poring,1,50,0,2,1,1,7,10,0,5,1,1,1,0,6,30,10,12,1,3,21,0x83,400,1872,672,480,0,0,0,0,0,0,0,909,7000,1202,100,938,400,512,1000,713,1500,512,150,619,20,0,0,0,0,4001,10
// Custom Fire Poring. Warning, Colides with META_DENIRO
//1239,FIRE_PORING,Fire Poring,Fire Poring,1,50,0,2,1,1,7,10,0,5,1,1,1,1,6,30,10,12,1,3,21,0x131,400,1872,672,480,0,0,0,0,0,0,0,909,7000,1202,100,938,400,512,1000,713,1500,741,5,619,20,0,0,0,0,4001,20

// Lunar New Year 2008 Event Monster overrides
// Uncomment if event is enabled, as these drops modifications are nessecary.
//1145,MARTIN,Martin,Martin,18,1109,0,134,86,1,52,63,0,5,12,18,30,15,15,5,10,12,0,2,42,0x81,300,1480,480,480,0,0,0,0,0,0,0,1017,9000,1018,500,1251,10,2225,5,5009,1,10010,10,2224,15,7869,1500,0,0,4046,1
//1175,TAROU,Tarou,Tarou,11,284,0,57,28,1,34,45,0,0,1,20,11,10,24,5,10,12,0,2,27,0x91,150,1744,1044,684,0,0,0,0,0,0,0,1016,9000,919,3000,949,800,528,1000,701,2,7869,2500,0,0,0,0,0,0,4028,1
//1209,CRAMP,Cramp,Cramp,56,4720,0,2300,1513,1,395,465,0,5,1,85,35,5,65,60,10,12,0,2,45,0x3095,100,1000,500,1000,0,0,0,0,0,0,0,7007,4656,528,1000,726,80,746,110,568,250,510,70,984,95,7869,1500,0,0,4296,1

// iRO St. Patricks Day 2008 Event Monster overrides
// Uncomment if event is enabled, as these drops modifications are nessecary.
//1841,G_SNAKE_,Snake Lord's Minon,Snake Lord's Minon,15,471,0,72,48,1,46,55,0,0,1,15,15,10,35,5,10,12,1,2,22,0x81,200,1576,576,576,0,0,0,0,0,0,0,7915,1000,7916,100,7720,30,12715,7,0,0,0,0,0,0,0,0,0,0,0,0
//1842,G_ANACONDAQ_,Snake Lord's Minon,Snake Lord's Minon,23,1109,0,300,149,1,124,157,0,0,1,23,28,10,36,5,10,12,1,2,25,0x91,200,1576,576,576,0,0,0,0,0,0,0,7915,1000,7916,100,7720,30,12715,7,0,0,0,0,0,0,0,0,0,0,0,0
//1843,SIDE_WINDER_,Snake Lord's Minon,Snake Lord's Minon,43,4929,0,1996,993,1,240,320,5,10,38,43,40,15,115,20,10,12,1,2,25,0x3095,200,1576,576,576,0,0,0,0,0,0,0,7915,1000,7916,100,7720,30,12715,7,0,0,0,0,0,0,0,0,0,0,0,0
//1844,G_ISIS_,Snake Lord's Minon,Snake Lord's Minon,47,7003,0,3709,1550,1,423,507,10,35,38,65,43,50,66,15,10,12,2,6,27,0x3195,200,1384,768,336,0,0,0,0,0,0,0,7915,1000,7916,100,7720,30,12715,8,0,0,0,0,0,0,0,0,0,0,0,0

// iRO Christmas 2008 Event
// Uncomment if event is enabled, as these drops modifications are nessecary.
//1244,JAKK_XMAS,Christmas Jakk,Christmas Jakk,38,3581,0,1113,688,1,315,382,5,30,1,38,38,43,75,45,10,12,1,0,43,0x81,200,1180,480,648,0,0,0,0,0,0,0,529,1000,530,1000,14546,1000,14550,1000,7174,1000,7175,1000,6092,1000,12355,1250,0,0,0,0
//1245,GOBLINE_XMAS,Christmas Goblin,Christmas Goblin,25,1176,0,282,171,1,118,140,10,5,1,53,25,20,38,45,10,12,1,7,24,0x81,100,1120,620,240,0,0,0,0,0,0,0,529,1000,530,1000,14546,1000,14550,1000,7174,1000,7175,1000,6092,1000,12355,1250,0,0,0,0
//1246,COOKIE_XMAS,Christmas Cookie,Christmas Cookie,28,2090,0,461,284,1,140,170,0,50,1,24,30,53,45,100,10,12,0,7,46,0x91,400,1248,1248,240,0,0,0,0,0,0,0,529,1000,530,1000,14546,1000,14550,1000,7174,1000,7175,1000,6092,1000,12355,1250,0,0,0,0
//1247,ANTONIO,Antonio,Antonio,10,10,0,3,2,1,13,20,100,0,1,1,1,50,100,100,10,12,1,3,66,0xC1,100,720,720,432,0,0,0,0,0,0,0,604,500,12354,500,14550,500,5136,500,12132,500,12225,500,5811,500,0,0,0,0,4243,1

// iRO Halloween 2009 Event
// Uncomment if event is enabled. Uncomment the skills for Halloween Whisper in mob_skill_db2.
//3014,HALLOWEEN_WHISPER,Halloween Whisper,Halloween Whisper,1,800,0,0,0,1,10,13,0,45,1,51,14,0,60,0,10,12,0,6,68,0x81,150,1960,960,504,0,0,0,0,0,0,0,12396,150,6299,5335,0,0,0,0,0,0,0,0,0,0,0,0,0,0,0,0
//3015,HALLOWEEN_DARK_LORD,Halloween Dark Lord,Halloween Dark Lord,1,45,0,0,0,1,10,13,0,45,1,51,14,0,60,0,10,12,2,6,89,0x81,100,868,768,480,0,0,0,0,0,0,0,12396,800,12397,5335,0,0,0,0,0,0,0,0,0,0,0,0,0,0,0,0

// iRO Halloween 2008 Event
// Uncomment if event is enabled.
//3000,ZOMBIE,Zombie,Zombie,15,534,0,50,33,1,67,79,0,10,1,8,7,0,15,0,10,12,1,1,29,0x3885,400,2612,912,288,0,0,0,0,0,0,0,957,9000,724,5,938,1000,958,50,727,70,0,0,0,0,0,0,0,0,4038,1
//3001,GHOUL,Ghoul,Ghoul,40,5418,0,1088,622,1,420,500,5,20,1,20,29,0,45,20,10,12,1,1,49,0x3885,250,2456,912,504,0,0,0,0,0,0,0,958,6000,756,110,509,700,511,800,2609,60,934,150,1260,1,0,0,0,0,4110,1
//3002,ZOMBIE_MASTER,Zombie Master,Zombie Master,62,14211,0,7610,2826,1,824,1084,37,26,25,20,30,5,77,35,10,12,1,1,29,0x3695,175,2612,912,288,0,0,0,0,0,0,0,7071,4413,938,1500,958,1500,723,200,727,100,1260,1,2324,2,0,0,0,0,4274,1

//Doram Itemization
1058,METALLER,Metaller,Metaller,55,1687,1,450,507,1,196,41,72,12,52,24,10,0,47,31,10,12,1,4,23,0x200108B,200,1708,1008,540,0,0,0,0,0,0,0,990,60,940,6500,911,400,757,49,707,20,935,3000,1914,10,1694,30,0,0,4057,1
1126,GOBLIN_5,Goblin,Goblin,56,2342,1,486,548,1,167,31,64,5,51,37,22,15,38,10,10,12,1,7,21,0x308D,300,3074,1874,480,0,0,0,0,0,0,0,998,150,911,9000,1605,15,2104,1,5089,15,507,1500,508,220,1694,30,0,0,4060,1
1134,KOBOLD_2,Kobold,Kobold,102,9152,1,1944,1458,1,477,62,117,59,96,61,55,48,79,20,10,12,1,7,45,0x308D,200,1528,528,360,0,0,0,0,0,0,0,999,100,1034,5335,912,200,2104,3,508,100,2101,100,22083,50,28380,50,0,0,4091,1
1135,KOBOLD_3,Kobold,Kobold,101,9078,1,1827,1371,1,468,64,109,48,103,64,59,42,67,20,10,12,1,7,43,0x308D,300,1228,528,360,0,0,0,0,0,0,0,990,35,999,100,1034,5335,912,200,0,0,2104,3,508,100,15126,50,20788,50,4091,1
1315,ASSULTER,Assaulter,Assaulter,100,8977,1,1992,1779,2,627,67,169,49,100,92,30,20,103,15,10,12,1,7,44,0x3695,200,512,780,504,0,0,0,0,0,0,0,967,4413,7069,1200,7072,840,6214,200,912,1240,13300,5,603,1,20788,30,0,0,4246,1
1316,SOLIDER,Solider,Solider,92,8768,1,1487,1671,2,367,40,206,58,65,44,60,15,47,20,10,12,1,2,42,0x91,250,1452,483,528,0,0,0,0,0,0,0,967,4413,7070,64,7067,850,508,2100,912,1240,518,850,0,0,22083,30,0,0,4220,1
1318,HEATER,Heater,Heater,98,8180,1,1893,1611,2,664,79,199,50,89,49,50,30,88,35,10,12,1,2,43,0x3695,250,1452,483,528,0,0,0,0,0,0,0,967,4413,7070,750,697,100,6244,1000,526,140,7054,600,7068,1250,15126,30,0,0,4331,1
1384,DELETER,Deleter,Deleter,105,10000,1,2099,1574,1,653,179,111,53,105,55,53,68,67,73,10,12,1,9,43,0x308D,175,1020,720,384,0,0,0,0,0,0,0,7123,4074,1035,5335,1037,3880,1036,3589,20788,30,0,0,0,0,0,0,0,0,4158,1
1385,DELETER_,Deleter,Deleter,105,10000,1,2099,1574,1,663,211,114,53,98,65,49,72,57,73,10,12,1,9,43,0x308D,175,1024,624,336,0,0,0,0,0,0,0,7123,4074,1035,5335,1037,3880,1036,3589,2114,10,1695,30,22083,30,0,0,0,0,4279,1
1692,BREEZE,Breeze,Breeze,92,6755,1,1598,1797,2,493,52,83,32,75,101,46,35,66,55,10,12,1,0,64,0x3885,100,140,384,504,0,0,0,0,0,0,0,945,500,706,10,2270,10,1733,10,604,10,2269,10,996,10,1691,30,0,0,4390,1
1776,SIROMA,Siroma,Siroma,98,11910,1,1827,1369,1,506,100,64,38,83,43,50,70,80,60,10,12,0,0,61,0x83,180,432,648,240,0,0,0,0,0,0,0,7561,1000,7066,500,510,10,0,0,0,0,0,0,991,20,1691,30,0,0,4416,1
1782,ROWEEN,Roween,Roween,95,7385,1,1691,1902,1,588,35,73,33,70,82,55,45,73,25,10,12,1,2,24,0x108B,200,1500,500,1000,0,0,0,0,0,0,0,7564,3000,919,3000,992,50,1822,2,0,0,0,0,28382,30,1691,30,0,0,4422,1
2083,HORN_SCARABA,Scaraba,One-Horned Scaraba,130,51100,1,5220,4011,1,886,91,135,20,44,59,55,21,71,33,10,12,0,4,22,0x2001089,200,384,672,360,0,0,0,0,0,0,0,6324,6500,1433,2,12735,10,7939,10,993,2,15129,30,0,0,0,0,0,0,4505,1
2084,HORN_SCARABA2,Scaraba,Two-Horned Scaraba,134,58900,1,5780,4549,1,1935,105,150,38,44,68,72,45,84,51,10,12,0,4,22,0x2001089,150,336,360,360,0,0,0,0,0,0,0,6323,6500,13061,2,12735,10,7939,10,993,2,15129,30,0,0,0,0,0,0,4505,1
2085,ANTLER_SCARABA,Antler Scaraba,Antler Scaraba,136,62600,1,6330,5255,1,1418,410,155,102,23,99,59,129,91,45,10,12,1,4,42,0x2003885,200,504,624,360,0,0,0,0,0,0,0,6322,6500,1930,10,12735,10,7939,10,993,2,1696,30,0,0,0,0,0,0,4505,1
2086,RAKE_SCARABA,Rake Scaraba,Rake Scaraba,139,67700,1,6990,5995,1,1645,112,250,70,90,66,145,52,112,77,10,12,1,4,42,0x2003885,150,588,768,480,0,0,0,0,0,0,0,6321,6500,16010,2,12735,10,15000,10,993,2,22084,30,20789,30,0,0,0,0,4505,1
3504,DR_BASILISK3,Combat Basilisk,Combat Basilisk,148,216036,1,583,656,1,1654,0,126,80,56,12,19,11,27,10,10,12,1,2,42,0x3885,250,2456,912,504,0,0,0,0,0,0,0,0,0,0,0,0,0,0,0,0,0,0,0,0,0,0,0,0,0,4661,1
3505,DR_BIG_EGGRING,Big Eggring,Big Eggring,25,142480,0,0,0,1,82,0,63,4,68,12,12,12,68,57,10,12,1,3,62,0x6203695,200,1875,672,480,0,0,0,0,0,0,0,0,0,0,0,0,0,0,0,0,0,0,0,0,0,0,0,0,0,4662,1
3506,DR_MANDRAGORA,Jungle Madragora,Jungle Madragora,144,190570,1,0,0,1,1840,0,113,62,35,21,41,12,29,60,10,12,1,3,62,0x6203695,300,1072,672,480,0,0,0,0,0,0,0,0,0,0,0,0,0,0,0,0,0,0,0,0,0,0,0,0,0,4669,1
3507,DR_POM_SPIDER,Fruits Pom Spider,Fruits Pom Spider,150,156532,1,8010,8037,1,1137,0,240,115,156,85,178,88,139,102,10,12,1,4,62,0x2003885,250,864,1056,576,0,0,0,0,0,0,0,0,0,0,0,0,0,0,0,0,0,0,0,0,0,0,0,0,0,4670,1