// Experience Tables [Renewal]
// Only official levels included, check db/import-tmpl/job_exp.txt for an expanded list
//
// Structure of Database:
// Max Level,Class list,Type,Exp for Lv 1,2,3,4,5,6,7,8,9,10,11,12,13,14,15,16,17,18,19,20,21,22,23,24,25,26,27,28,29,30,31,32,33,34,35,36,37,38,39,40,41,42,43,44,45,46,47,48,49,50,51,52,53,54,55,56,57,58,59,60,61,62,63,64,65,66,67,68,69,70,71,72,73,74,75,76,77,78,79,80,81,82,83,84,85,86,87,88,89,90,91,92,93,94,95,96,97,98,99,100,101,102,103,104,105,106,107,108,109,110,111,112,113,114,115,116,117,118,119,120,121,122,123,124,125,126,127,128,129,130,131,132,133,134,135,136,137,138,139,140,141,142,143,144,145,146,147,148,149,150,151,152,153,154,155,156,157,158,159,160,161,162,163,164,165,166,167,168,169,170,171,172,173,174,175
//
// Type:
//	0 = Base Exp, 1 = Job Exp

//Base - Normal and Baby Jobs
99,0:1:2:3:4:5:6:7:8:9:10:11:12:13:14:15:16:17:18:19:20:21:23:24:25:4023:4024:4025:4026:4027:4028:4029:4030:4031:4032:4033:4034:4035:4036:4037:4038:4039:4040:4041:4042:4043:4044:4045:4046:4047:4048:4049:4050:4051:4052:4222:4225:4226:4227:4228:4238,0,550,900,1500,2200,3200,3800,4200,4550,5000,5500,6000,6100,6350,6700,7350,8000,8400,8800,9200,9700,10300,11000,11800,13000,14000,15000,16000,17000,18000,19000,20000,21000,22000,23200,24000,26000,27500,29000,30000,31500,33000,34000,36000,37500,38000,40000,42000,44500,47000,49000,51000,53000,55000,57000,59000,61500,63000,65000,67000,69000,70000,73000,77000,80000,84000,88000,91000,95000,110000,128000,140000,155000,163000,170000,180000,188000,195000,200000,230000,260000,300000,350000,400000,480000,550000,600000,680000,750000,900000,1000000,1200000,1500000,1800000,2100000,2400000,2800000,3300000,4000000,99999999

//Base - Adv Jobs
99,4001:4002:4003:4004:4005:4006:4007:4008:4009:4010:4011:4012:4013:4014:4015:4016:4017:4018:4019:4020:4021:4022,0,660,1080,1800,2640,3840,4560,5040,5460,6000,6600,7200,7320,7620,8040,8820,9600,10080,10560,11040,12610,13390,14300,15340,16900,18460,19500,20800,22100,23400,24700,26000,27300,28600,30160,31200,33800,35750,37700,39000,44100,46200,47600,50400,52500,53200,56000,58800,62300,65800,68600,71400,74200,77000,79800,82600,86100,88200,91000,93800,103500,105000,109500,115500,120000,126000,132000,136500,142500,165000,192000,210000,232500,244500,255000,270000,282000,292500,300000,345000,416000,480000,560000,640000,768000,880000,960000,1088000,1200000,1440000,1700000,2040000,2550000,3060000,3570000,4080000,4760000,5610000,6800000,99999999

//Base - 3rd Jobs, Baby 3rds, Oboro/Kagerou, Rebellion, Summoner, Star Emperor, Soul Reaper
//Note: (First 98 values [Level 1 - 98] are only used by Summoner Class, because 3rd classes start at level 99.)
175,4054:4055:4056:4057:4058:4059:4060:4061:4062:4063:4064:4065:4066:4067:4068:4069:4070:4071:4072:4073:4074:4075:4076:4077:4078:4079:4080:4081:4082:4083:4084:4085:4086:4087:4096:4097:4098:4099:4100:4101:4102:4103:4104:4105:4106:4107:4108:4109:4110:4111:4112:4211:4212:4215:4218:4220:4223:4224:4229:4239:4240:4241:4242:4243:4244,0,55,90,150,220,320,380,420,455,500,600,700,800,900,1000,1100,1200,1300,1400,1500,1800,2100,2400,2700,3000,3300,3600,3900,4200,4500,5400,6300,7200,8100,9000,9900,10800,11700,12600,13500,16200,18900,21600,24300,27000,29700,32400,35100,37800,40500,43200,45900,48600,51300,54000,56700,59400,62100,64800,67500,75600,83700,91800,99900,108000,116100,124200,132300,140400,165000,192000,210000,232500,244500,255000,270000,282000,292500,300000,345000,416000,480000,560000,640000,768000,880000,960000,1088000,1200000,1440000,1700000,2040000,2550000,3060000,3570000,4080000,4760000,5610000,6800000,7070000,7400000,7770000,8150000,8550000,9100000,9610000,10150000,10570000,11180000,12000000,12200000,12930000,13150000,14030000,14420000,15420000,15670000,16870000,17140000,18720000,19020000,20590000,20930000,22690000,23310000,25290000,26020000,27860000,28535000,30990000,31680000,33560000,34942000,36372000,38350000,39890000,41545000,43330000,45400000,48100000,50410000,53370000,56250000,59230000,62590000,66120000,70200000,75330000,81100000,95000000,98000000,103000000,107000000,112000000,116000000,121000000,125000000,130000000,134000000,139000000,145000000,152200000,160840000,171200000,191930000,202290000,214720000,229640000,247550000,283370000,301280000,322770000,348560000,379500000,441390000,99999999

//Base - Expanded Super Novice & Expanded Super Baby
160,4190:4191,0,660,1080,1800,2640,3840,4560,5040,5460,6000,6600,7200,7320,7620,8040,8820,9600,10080,10560,11040,12610,13390,14300,15340,16900,18460,19500,20800,22100,23400,24700,26000,27300,28600,30160,31200,33800,35750,37700,39000,44100,46200,47600,50400,52500,53200,56000,58800,62300,65800,68600,71400,74200,77000,79800,82600,86100,88200,91000,93800,103500,105000,109500,115500,120000,126000,132000,136500,142500,165000,192000,210000,232500,244500,255000,270000,282000,292500,300000,345000,416000,480000,560000,640000,768000,880000,960000,1088000,1200000,1440000,1700000,2040000,2550000,3060000,3570000,4080000,4760000,5610000,6800000,7070000,7400000,7770000,8150000,8550000,9100000,9610000,10150000,10570000,11180000,12000000,12200000,12930000,13150000,14030000,14420000,15420000,15670000,16870000,17140000,18720000,19020000,20590000,20930000,22690000,23310000,25290000,26020000,27860000,28535000,30990000,31680000,33560000,34942000,36372000,38350000,39890000,41545000,43330000,45400000,48100000,50410000,53370000,56250000,59230000,62590000,66120000,70200000,75330000,81100000,95000000,98000000,103000000,107000000,112000000,116000000,121000000,125000000,130000000,134000000,139000000,145000000,152200000,160840000,171200000,191930000,202290000,214720000,229640000,247550000,283370000,301280000,322770000,348560000,379500000,441390000,99999999

//Job - Novice & Baby Novice
10,0:4023,1,50,70,100,180,240,300,400,500,600,999999999

//Job - 1st Classes & Baby 1st Classes, Taekwon
90,1:2:3:4:5:6:4024:4025:4026:4027:4028:4029:4046:4050:4225,1,60,120,240,480,672,940,1316,1842,2578,2835,3118,3429,3771,4148,4355,4572,4800,5040,5292,5556,5833,6124,6430,6751,7088,7442,7814,8204,8614,9044,9496,9970,10468,10991,11540,12117,12722,13358,13558,13761,13967,14176,14388,14603,14822,15044,15269,15498,15730,15965,16204,16447,16693,16943,17197,17454,17715,17980,18249,18522,18799,19080,19366,19656,19950,20249,20552,20860,21172,21489,21811,22138,22470,22807,23149,23496,23848,24205,24568,24936,25310,25689,26074,26465,26861,27263,27671,28086,28507,999999999

//Job - 2nd Classes & Baby 2nd Classes, Soul Linker
90,7:8:9:10:11:12:13:14:15:16:17:18:19:20:21:4030:4031:4032:4033:4034:4035:4036:4037:4038:4039:4040:4041:4042:4043:4044:4049:4051:4052:4227,1,2500,4500,7000,10000,11800,13924,16430,19387,22876,25163,27679,30446,33490,36839,40522,44574,49031,53934,59327,65259,71784,78962,86858,95543,100320,105336,110602,116132,121938,128034,134435,141156,148213,155623,163404,171574,180152,183755,187430,191178,195001,198901,202879,206936,211074,215295,219600,223992,228471,233040,237700,242454,247303,252249,257293,262438,267686,273039,278499,284068,289749,295543,301453,307482,313631,319903,326301,332827,339483,346272,353197,360260,367465,374814,382310,389956,397755,405710,413824,422100,430542,439152,447935,456893,466030,475350,484857,494554,504445,999999999

//Job - Novice High
10,4001,1,11,20,31,44,100,166,226,295,374,999999999

//Job - Adv First Classes
90,4002:4003:4004:4005:4006:4007,1,90,180,360,720,1008,1410,1974,2763,3867,4252,4677,5143,5656,6222,6533,6859,7201,7561,7939,8335,8751,9188,9647,10129,10635,11166,11724,12310,12925,13571,14249,14961,15709,16494,17318,18183,19092,20046,20346,20651,20960,21274,21593,21916,22244,22577,22915,23258,23606,23960,24319,24683,25053,25428,25809,26196,26588,26986,27390,27800,28217,28640,29069,29505,29947,30396,30851,31313,31782,32258,32741,33232,33730,34235,34748,35269,35798,36334,36879,37432,37993,38562,39140,39727,40322,40926,41539,42162,42794,999999999

//Job - Adv Second Classes
90,4008:4009:4010:4011:4012:4013:4014:4015:4016:4017:4018:4019:4020:4021:4022,1,3250,5850,9100,13000,15340,18101,21359,25203,29738,32711,35982,39579,43537,47890,52678,57946,63740,70114,77125,84836,93319,102650,112915,124205,130416,136936,143782,150971,158519,166444,174765,183502,192676,202309,212425,223046,234197,238881,243659,248531,253501,258571,263742,269016,274396,279883,285480,291189,297012,302952,309010,315190,321493,327923,334480,341169,347991,354950,362048,369288,376673,384205,391888,399726,407720,415873,424191,432675,441327,450153,459156,468338,477704,487258,497003,506942,517081,527423,537971,548730,559704,570897,582315,593960,605839,617955,630314,642920,655778,999999999

//Job - 3rd Jobs & Baby 3rds, Oboro/Kagerou, Rebellion, Star Emperor, Soul Reaper
90,4054:4055:4056:4057:4058:4059:4060:4061:4062:4063:4064:4065:4066:4067:4068:4069:4070:4071:4072:4073:4074:4075:4076:4077:4078:4079:4080:4081:4082:4083:4084:4085:4086:4087:4096:4097:4098:4099:4100:4101:4102:4103:4104:4105:4106:4107:4108:4109:4110:4111:4112:4211:4212:4215:4223:4224:4229:4239:4240:4241:4242:4243:4244,1,112000,355000,615000,917000,1253000,1595000,2007000,2430000,2868000,3420000,3863000,4504000,4998000,5769000,6321000,7254000,7870000,9015000,9530000,11072000,11848000,13467000,14337000,16243000,17216000,19446000,20781000,23070000,24453000,27568000,29118000,31820000,34125000,37048000,40204000,42972000,45937000,49110000,52696000,57158000,61305000,67167000,72285000,77647000,83624000,91113000,98548000,107630000,119077000,131668000,145518000,160753000,177511000,195944000,216220000,238523000,263056000,290042000,319726000,319726000,319726000,319726000,319726000,319726000,319726000,319726000,319726000,319726000,319726000,319726000,319726000,319726000,319726000,319726000,319726000,319726000,319726000,319726000,319726000,319726000,319726000,319726000,319726000,319726000,319726000,319726000,319726000,319726000,319726000,999999999

//Job - Expanded Super Novice & Expanded Super Baby
99,4190:4191,1,112000,355000,615000,917000,1253000,1595000,2007000,2430000,2868000,3420000,3863000,4504000,4998000,5769000,6321000,7254000,7870000,9015000,9530000,11072000,11848000,13467000,14337000,16243000,17216000,19446000,20781000,23070000,24453000,27568000,29118000,31820000,34125000,37048000,40204000,42972000,45937000,49110000,52696000,57158000,61305000,67167000,72285000,77647000,83624000,91113000,98548000,107630000,119077000,119077000,122649310,126328789,130118652,134022211,138042877,142184163,146449687,150843177,155368472,160029526,164830411,169775323,174868582,180114639,185518078,191083620,196816128,202720611,208802229,215066295,221518283,228163831,235008745,242059007,249320777,256800400,264504412,272439544,280612730,289031111,297702044,306633105,315832098,325307060,335066271,345118259,355471806,366135966,377135966,388135966,399135966,422135966,46613596,49913596,56613596,62222222,68888882,75555555,84444444,90000000,99999999,999999999

//Job - Ninja/Gunslinger
90,24:25:4222:4228,1,200,300,400,600,700,1000,1200,1400,1700,1900,2400,2700,3200,3600,4200,4900,5500,6100,6900,7700,8400,9300,10100,11100,12100,13000,14600,16100,17500,18600,21500,23300,24700,27000,29000,30000,32400,35000,38100,41100,44000,46700,49600,52500,55600,58900,62700,65500,69200,72300,81200,84100,89300,95500,100900,107800,114900,120700,128600,150500,176900,196100,219600,234200,247900,266400,281300,296600,308000,308000,308000,308000,308000,308000,308000,308000,308000,308000,308000,308000,308000,308000,308000,308000,308000,308000,308000,308000,308000,999999999

//Job - Star Gladiator
90,4047:4048:4226:4238,1,50700,50700,50700,50700,50700,50700,50700,50700,50700,50700,50700,50700,50700,50700,50700,50700,50700,50700,101400,112000,118800,127000,136200,150000,171400,181000,193200,205200,217200,239400,252000,264600,277200,292200,315000,341200,360800,380600,393600,429800,450400,464000,491400,511800,558600,588000,617400,654000,690800,690800,690800,690800,690800,690800,690800,690800,690800,690800,690800,690800,690800,690800,690800,690800,690800,690800,690800,690800,690800,690800,690800,690800,690800,690800,690800,690800,690800,690800,690800,690800,690800,690800,690800,690800,690800,690800,690800,690800,690800,999999999

//Job - Super Novice & Baby Super Novice
125,23:4045,1,60,130,260,460,780,1060,1300,1560,1910,2290,2680,2990,3340,3740,4360,4970,5530,6120,6700,8090,8920,9970,11080,12690,14440,15850,17400,19220,21060,22870,24910,26840,29080,31320,33300,37110,40500,43570,46180,53510,57200,60310,65690,70090,72130,77540,83320,90120,97180,100000,110000,130000,150000,170000,190000,210000,230000,250000,270000,290000,310000,330000,350000,370000,390000,410000,430000,450000,470000,490000,510000,530000,550000,570000,580000,590120,600120,610120,620120,630120,640120,650120,660120,670120,680120,690120,700120,710120,720120,730120,740120,750120,760120,770120,780120,790120,800120,810120,820120,830120,840120,850120,860120,870120,880120,890120,900120,910120,920120,930120,940120,950120,960120,970120,980120,990120,1000120,1010120,1020120,1030120,1040120,1050120,1060120,1070120,999999999

//Job - Summoner
90,4218:4220,1,60,130,260,460,780,1060,1300,1560,1910,2500,4200,7000,10300,15900,18900,20900,22600,24900,28800,31500,34900,38300,41700,45100,48500,51900,55000,72000,89000,106000,112000,355000,615000,917000,1253000,1595000,2007000,2430000,2868000,3420000,3863000,4504000,4998000,5769000,6321000,7254000,7870000,9015000,9530000,9530000,9530000,9530000,9530000,9530000,9530000,9530000,9530000,9530000,9530000,9530000,9530000,9530000,9530000,9530000,9530000,9530000,9530000,9530000,9530000,9530000,9530000,9530000,9530000,9530000,9530000,9530000,9530000,9530000,9530000,9530000,9530000,9530000,9530000,9530000,9530000,9530000,9530000,9530000,9530000,999999999
